24193.80
24193.85
24193.90
24193.95
24194.00
24194.05
24194.10
24194.15
24194.20
24194.25
24194.30
24194.35
24194.40
24194.45
24194.50
24194.55
24194.60
24194.65
24194.70
24194.75
24194.80
24194.85
24194.90
24194.95
24195.00
24195.05
24195.10
24195.15
24195.20
24195.25
24195.30
24195.35
24195.40
24195.45
24195.50
24195.55
24195.60
24195.65
24195.70
24195.75
24195.80
24195.85
24195.90
24195.95
24196.00
24196.05
24196.10
24196.15
24196.20
24196.25
24196.30
24196.35
24196.40
24196.45
24196.50
24196.55
24196.60
24196.65
24196.70
24196.75
24196.80
24196.85
24196.90
24196.95
24197.00
24197.05
24197.10
24197.15
24197.20
24197.25
24197.30
24197.35
24197.40
24197.45
24197.50
24197.55
24197.60
24197.65
24197.70
24197.75
24197.80
24207.40
24207.45
24207.50
24207.55
24207.60
24207.65
24207.70
24207.75
24207.80
24207.85
24207.90
24207.95
24208.00
24208.05
24208.10
24208.15
24208.20
24208.25
24208.30
24208.35
24208.40
24208.45
24208.50
24208.55
24208.60
24208.65
24208.70
24208.75
24208.80
24208.85
24208.90
24208.95
24209.00
24209.05
24209.10
24209.15
24209.20
24209.25
24209.30
24209.35
24209.40
24209.45
24209.50
24209.55
24209.60
24209.65
24209.70
24209.75
24209.80
24209.85
24209.90
24209.95
24210.00
24210.05
24210.10
24210.15
24210.20
24210.25
24210.30
24210.35
24210.40
24210.45
24210.50
24210.55
24210.60
24210.65
24210.70
24210.75
24210.80
24210.85
24210.90
24210.95
24211.00
24211.05
24211.10
24211.15
24211.20
24211.25
24211.30
24211.35
24211.40
24234.10
24234.15
24234.20
24234.25
24234.30
24234.35
24234.40
24234.45
24234.50
24234.55
24234.60
24234.65
24234.70
24234.75
24234.80
24234.85
24234.90
24234.95
24235.00
24235.05
24235.10
24235.15
24235.20
24235.25
24235.30
24235.35
24235.40
24235.45
24235.50
24235.55
24235.60
24235.65
24235.70
24235.75
24235.80
24235.85
24235.90
24235.95
24236.00
24236.05
24236.10
24236.15
24236.20
24236.25
24236.30
24236.35
24236.40
24236.45
24236.50
24236.55
24236.60
24236.65
24236.70
24236.75
24236.80
24236.85
24236.90
24236.95
24237.00
24237.05
24237.10
24237.15
24237.20
24237.25
24237.30
24237.35
24237.40
24237.45
24237.50
24237.55
24237.60
24237.65
24237.70
24237.75
24237.80
24237.85
24237.90
24237.95
24238.00
24238.05
24238.10
24273.80
24273.85
24273.90
24273.95
24274.00
24274.05
24274.10
24274.15
24274.20
24274.25
24274.30
24274.35
24274.40
24274.45
24274.50
24274.55
24274.60
24274.65
24274.70
24274.75
24274.80
24274.85
24274.90
24274.95
24275.00
24275.05
24275.10
24275.15
24275.20
24275.25
24275.30
24275.35
24275.40
24275.45
24275.50
24275.55
24275.60
24275.65
24275.70
24275.75
24275.80
24275.85
24275.90
24275.95
24276.00
24276.05
24276.10
24276.15
24276.20
24276.25
24276.30
24276.35
24276.40
24276.45
24276.50
24276.55
24276.60
24276.65
24276.70
24276.75
24276.80
24276.85
24276.90
24276.95
24277.00
24277.05
24277.10
24277.15
24277.20
24277.25
24277.30
24277.35
24277.40
24277.45
24277.50
24277.55
24277.60
24277.65
24277.70
24277.75
24277.80