24194.80
24194.85
24194.90
24194.95
24195.00
24195.05
24195.10
24195.15
24195.20
24195.25
24195.30
24195.35
24195.40
24195.45
24195.50
24195.55
24195.60
24195.65
24195.70
24195.75
24195.80
24195.85
24195.90
24195.95
24196.00
24196.05
24196.10
24196.15
24196.20
24196.25
24196.30
24196.35
24196.40
24196.45
24196.50
24196.55
24196.60
24196.65
24196.70
24196.75
24196.80
24208.40
24208.45
24208.50
24208.55
24208.60
24208.65
24208.70
24208.75
24208.80
24208.85
24208.90
24208.95
24209.00
24209.05
24209.10
24209.15
24209.20
24209.25
24209.30
24209.35
24209.40
24209.45
24209.50
24209.55
24209.60
24209.65
24209.70
24209.75
24209.80
24209.85
24209.90
24209.95
24210.00
24210.05
24210.10
24210.15
24210.20
24210.25
24210.30
24210.35
24210.40
24235.10
24235.15
24235.20
24235.25
24235.30
24235.35
24235.40
24235.45
24235.50
24235.55
24235.60
24235.65
24235.70
24235.75
24235.80
24235.85
24235.90
24235.95
24236.00
24236.05
24236.10
24236.15
24236.20
24236.25
24236.30
24236.35
24236.40
24236.45
24236.50
24236.55
24236.60
24236.65
24236.70
24236.75
24236.80
24236.85
24236.90
24236.95
24237.00
24237.05
24237.10
24274.80
24274.85
24274.90
24274.95
24275.00
24275.05
24275.10
24275.15
24275.20
24275.25
24275.30
24275.35
24275.40
24275.45
24275.50
24275.55
24275.60
24275.65
24275.70
24275.75
24275.80
24275.85
24275.90
24275.95
24276.00
24276.05
24276.10
24276.15
24276.20
24276.25
24276.30
24276.35
24276.40
24276.45
24276.50
24276.55
24276.60
24276.65
24276.70
24276.75
24276.80